[[4,2],[3,4],[2,3],[2,1,1,3],[1,1,1],[2,2,1],[1,2],[1,2],[2,3],[4,1]]
[[4,4],[6,2],[2,1,1],[1,1,1],[],[1],[1,1],[5,1],[4,3],[10]]
--duch

[[3],[2,2], [2,2], [3], [1], [1], [1], [1], [2], [3]]
[[2,1], [4,2], [1,7], [4], [2]]
-- klucz

[[1,1],[2,1],[9,1],[1,10],[13],[13],[11],[9],[2,2]]
[[2],[2],[4],[3,5],[8],[6],[6],[6],[6],[7],[7],[6],[4],[1,1],[2]]
-- swinka

[[3],[1,3],[2,4],[1,5],[1,5],[1,5],[1,7],[1,7],[2,8],[2,10],[13],[1],[3],[3]]
[[2],[3],[3,1],[4,2],[2,5],[1,8,2],[14],[11,2],[10],[9],[5],[3],[2]]
-- dzwonek


[[1],[1],[1],[1],[1],[1]]
[[3],[3]]
-- dwa rozwiazania


[[1,4],[1,1,1,1,1],[1,1,1,2],[1,2,1,1],[1,4,1,1],[1,4,1,1],[9,1,1],[1,2,1,1],[1,1,1],[1,1,4],[1,2,1],[1,1,1,1,1],[1,1,2,1,1],[3,2,1,1],[1,4,2],[4,4],[1,3],[1,1],[2,1],[2]]
[[1,4],[1,1,2,2],[1,1,1,1],[3,1,1,1],[2,1,1,1],[1,1,1,2],[1,2,1,1],[1,3,2,1],[1,4,4,1],[1,5,4,1],[1,1,2,1,3,1],[1,2,1],[1,1],[1,2],[3,1,1],[1,2,1],[1,2,1,1],[5,1,1],[2,1],[1]]
-- ryba


[[2],[2]]
[[0],[0]]
-- brak rozwiazan

